> correlation.matrix
                              wins      losses           ot         pts      ptPctg goalsPerGame goalsAgainstPerGame  evGGARatio powerPlayPercentage
wins                    1.00000000 -0.91338168 -0.341297748  0.97940092  0.97943941  0.704664112         -0.71164841  0.84647648         0.419822348
losses                 -0.91338168  1.00000000 -0.070924704 -0.97677153 -0.97671844 -0.672865791          0.72828355 -0.83555919        -0.445415674
ot                     -0.34129775 -0.07092470  1.000000000 -0.14446655 -0.14468343 -0.172992065          0.06215191 -0.14481924        -0.000231642
pts                     0.97940092 -0.97677153 -0.144466552  1.00000000  0.99999393  0.704651090         -0.73581477  0.85999202         0.441905624
ptPctg                  0.97943941 -0.97671844 -0.144683435  0.99999393  1.00000000  0.704513704         -0.73573369  0.85980309         0.441850604
goalsPerGame            0.70466411 -0.67286579 -0.172992065  0.70465109  0.70451370  1.000000000         -0.15609279  0.70354747         0.544414139
goalsAgainstPerGame    -0.71164841  0.72828355  0.062151915 -0.73581477 -0.73573369 -0.156092790          1.00000000 -0.67170634        -0.181075641
evGGARatio              0.84647648 -0.83555919 -0.144819240  0.85999202  0.85980309  0.703547471         -0.67170634  1.00000000         0.295735912
powerPlayPercentage     0.41982235 -0.44541567 -0.000231642  0.44190562  0.44185060  0.544414139         -0.18107564  0.29573591         1.000000000
powerPlayGoals          0.32910785 -0.33981575 -0.021781765  0.34177916  0.34163665  0.565406475         -0.02088771  0.23541476         0.703222832
powerPlayGoalsAgainst  -0.34581768  0.36591564  0.002462457 -0.36352020 -0.36361698  0.043935434          0.61390918 -0.20476851        -0.012569278
powerPlayOpportunities  0.04563803 -0.03685949 -0.026717561  0.04230449  0.04217171  0.251243070          0.14315771  0.04279225        -0.002757976
penaltyKillPercentage   0.42958094 -0.43354817 -0.051542661  0.44115583  0.44125670  0.080174549         -0.63498703  0.26761526         0.043868141
shotsPerGame            0.46233472 -0.48632604 -0.009937758  0.48457414  0.48416396  0.534204191         -0.23986760  0.46359762         0.292268749
shotsAllowed           -0.43923605  0.41112171  0.126979525 -0.43511428 -0.43515702 -0.155592704          0.53532829 -0.39298290        -0.073394849
winScoreFirst           0.79810571 -0.68683821 -0.369680813  0.76076539  0.76064391  0.500213491         -0.60829131  0.66087965         0.311366761
winOppScoreFirst        0.76179561 -0.70748125 -0.233051951  0.75189223  0.75191082  0.603717940         -0.44587325  0.63465239         0.289308244
winLeadFirstPer         0.64075934 -0.51220117 -0.387368877  0.59132389  0.59121951  0.428731019         -0.44209144  0.51247576         0.239702645
winLeadSecondPer        0.61379251 -0.45300265 -0.457977402  0.54776693  0.54778025  0.382089652         -0.45028997  0.50854446         0.161403929
winOutshootOpp          0.77975491 -0.72225018 -0.242955911  0.76867073  0.76877751  0.538012353         -0.56022198  0.66290709         0.314641637
winOutshotByOpp         0.78721280 -0.70581639 -0.299172796  0.76444504  0.76434258  0.564230257         -0.54101131  0.65287939         0.322037676
faceOffsTaken           0.01741349 -0.02766091  0.021199434  0.02288568  0.02288446  0.126097275          0.09393123  0.04656643         0.137333283
faceOffsWon             0.16497185 -0.19791268  0.052744883  0.18500006  0.18483375  0.177890260         -0.08796604  0.18645551         0.197440432
faceOffsLost           -0.15269533  0.17295833 -0.025208019 -0.16616073 -0.16598214 -0.002547341          0.23732638 -0.13197063        -0.006787933
faceOffWinPercentage    0.23384489 -0.27283749  0.056985492  0.25841507  0.25815307  0.137194250         -0.23363303  0.23434261         0.153272903
shootingPctg            0.50180026 -0.44514085 -0.201727416  0.48491920  0.48503859  0.788922782         -0.02019992  0.49412681         0.432090378
savePctg                0.51216756 -0.55022334  0.015493709  0.54249747  0.54236586  0.059050043         -0.78652894  0.50077181         0.153303640
                       powerPlayGoals powerPlayGoalsAgainst powerPlayOpportunities penaltyKillPercentage shotsPerGame shotsAllowed winScoreFirst
wins                       0.32910785          -0.345817684            0.045638032            0.42958094  0.462334723 -0.439236052    0.79810571
losses                    -0.33981575           0.365915643           -0.036859486           -0.43354817 -0.486326041  0.411121708   -0.68683821
ot                        -0.02178177           0.002462457           -0.026717561           -0.05154266 -0.009937758  0.126979525   -0.36968081
pts                        0.34177916          -0.363520199            0.042304485            0.44115583  0.484574140 -0.435114278    0.76076539
ptPctg                     0.34163665          -0.363616984            0.042171706            0.44125670  0.484163959 -0.435157021    0.76064391
goalsPerGame               0.56540648           0.043935434            0.251243070            0.08017455  0.534204191 -0.155592704    0.50021349
goalsAgainstPerGame       -0.02088771           0.613909175            0.143157709           -0.63498703 -0.239867598  0.535328292   -0.60829131
evGGARatio                 0.23541476          -0.204768514            0.042792252            0.26761526  0.463597618 -0.392982899    0.66087965
powerPlayPercentage        0.70322283          -0.012569278           -0.002757976            0.04386814  0.292268749 -0.073394849    0.31136676
powerPlayGoals             1.00000000           0.391540595            0.701800423            0.03636346  0.246635226 -0.113424266    0.25558023
powerPlayGoalsAgainst      0.39154059           1.000000000            0.564128384           -0.67333921 -0.156444594  0.320195622   -0.25599737
powerPlayOpportunities     0.70180042           0.564128384            1.000000000            0.01716528  0.049563577 -0.098203232    0.05204659
penaltyKillPercentage      0.03636346          -0.673339212            0.017165280            1.00000000  0.104840354 -0.375953657    0.34137338
shotsPerGame               0.24663523          -0.156444594            0.049563577            0.10484035  1.000000000 -0.258853784    0.28678666
shotsAllowed              -0.11342427           0.320195622           -0.098203232           -0.37595366 -0.258853784  1.000000000   -0.37700839
winScoreFirst              0.25558023          -0.255997371            0.052046586            0.34137338  0.286786664 -0.377008391    1.00000000
winOppScoreFirst           0.22755706          -0.258737882            0.028981575            0.28569704  0.449575607 -0.280319338    0.31269667
winLeadFirstPer            0.19546996          -0.186227246            0.037874966            0.21729705  0.192381557 -0.324067561    0.77835728
winLeadSecondPer           0.16134846          -0.176323074            0.077309297            0.27651375  0.163893120 -0.287923364    0.65640692
winOutshootOpp             0.33466882          -0.209337485            0.154644006            0.34719233  0.354487265 -0.353536068    0.58161121
winOutshotByOpp            0.14427312          -0.346573072           -0.115526034            0.31951071  0.374159442 -0.289494864    0.64697234
faceOffsTaken             -0.19789345          -0.147048342           -0.426817727           -0.16877184  0.211414233  0.269862564    0.01216178
faceOffsWon               -0.05160372          -0.164421053           -0.280083931           -0.02791413  0.391846582 -0.001910823    0.15965255
faceOffsLost              -0.24292305          -0.043713224           -0.340802697           -0.22463914 -0.105825024  0.409695451   -0.15485638
faceOffWinPercentage       0.13234617          -0.095760519            0.028906627            0.13980661  0.371083292 -0.287962241    0.22821957
shootingPctg               0.49409953           0.162271800            0.269743843            0.02783772 -0.094068541 -0.004809620    0.39526761
savePctg                  -0.06293843          -0.483110820           -0.240545460            0.46897920  0.084244349  0.097655331    0.43998873
                       winOppScoreFirst winLeadFirstPer winLeadSecondPer winOutshootOpp winOutshotByOpp faceOffsTaken  faceOffsWon faceOffsLost
wins                         0.76179561      0.64075934       0.61379251    0.779754908      0.78721280   0.017413488  0.164971849 -0.152695333
losses                      -0.70748125     -0.51220117      -0.45300265   -0.722250176     -0.70581639  -0.027660908 -0.197912685  0.172958331
ot                          -0.23305195     -0.38736888      -0.45797740   -0.242955911     -0.29917280   0.021199434  0.052744883 -0.025208019
pts                          0.75189223      0.59132389       0.54776693    0.768670731      0.76444504   0.022885683  0.185000055 -0.166160730
ptPctg                       0.75191082      0.59121951       0.54778025    0.768777508      0.76434258   0.022884457  0.184833753 -0.165982140
goalsPerGame                 0.60371794      0.42873102       0.38208965    0.538012353      0.56423026   0.126097275  0.177890260 -0.002547341
goalsAgainstPerGame         -0.44587325     -0.44209144      -0.45028997   -0.560221981     -0.54101131   0.093931233 -0.087966038  0.237326382
evGGARatio                   0.63465239      0.51247576       0.50854446    0.662907088      0.65287939   0.046566430  0.186455515 -0.131970627
powerPlayPercentage          0.28930824      0.23970264       0.16140393    0.314641637      0.32203768   0.137333283  0.197440432 -0.006787933
powerPlayGoals               0.22755706      0.19546996       0.16134846    0.334668825      0.14427312  -0.197893451 -0.051603720 -0.242923051
powerPlayGoalsAgainst       -0.25873788     -0.18622725      -0.17632307   -0.209337485     -0.34657307  -0.147048342 -0.164421053 -0.043713224
powerPlayOpportunities       0.02898157      0.03787497       0.07730930    0.154644006     -0.11552603  -0.426817727 -0.280083931 -0.340802697
penaltyKillPercentage        0.28569704      0.21729705       0.27651375    0.347192332      0.31951071  -0.168771839 -0.027914132 -0.224639143
shotsPerGame                 0.44957561      0.19238156       0.16389312    0.354487265      0.37415944   0.211414233  0.391846582 -0.105825024
shotsAllowed                -0.28031934     -0.32406756      -0.28792336   -0.353536068     -0.28949486   0.269862564 -0.001910823  0.409695451
winScoreFirst                0.31269667      0.77835728       0.65640692    0.581611214      0.64697234   0.012161780  0.159652550 -0.154856379
winOppScoreFirst             1.00000000      0.29383348       0.33157639    0.636969537      0.58281202   0.059073956  0.118011852 -0.038815378
winLeadFirstPer              0.29383348      1.00000000       0.64015184    0.447557008      0.52586969   0.023056320  0.120850539 -0.096299357
winLeadSecondPer             0.33157639      0.64015184       1.00000000    0.452923869      0.51910622  -0.070099308  0.023940027 -0.131859098
winOutshootOpp               0.63696954      0.44755701       0.45292387    1.000000000      0.31452664   0.006635249  0.103217573 -0.101970911
winOutshotByOpp              0.58281202      0.52586969       0.51910622    0.314526639      1.00000000   0.065346076  0.183977010 -0.100915103
faceOffsTaken                0.05907396      0.02305632      -0.07009931    0.006635249      0.06534608   1.000000000  0.750142584  0.696559468
faceOffsWon                  0.11801185      0.12085054       0.02394003    0.103217573      0.18397701   0.750142584  1.000000000  0.048053924
faceOffsLost                -0.03881538     -0.09629936      -0.13185910   -0.101970911     -0.10091510   0.696559468  0.048053924  1.000000000
faceOffWinPercentage         0.12086332      0.16001685       0.11001504    0.151884410      0.21013820   0.078557727  0.717632810 -0.659987389
shootingPctg                 0.38320788      0.37790444       0.34104090    0.381813878      0.39729891  -0.013412180 -0.075467208  0.061624735
savePctg                     0.31435720      0.28301617       0.32236449    0.397208195      0.42394340   0.086228923  0.101695975  0.019904755
                       faceOffWinPercentage shootingPctg    savePctg
wins                             0.23384489   0.50180026  0.51216756
losses                          -0.27283749  -0.44514085 -0.55022334
ot                               0.05698549  -0.20172742  0.01549371
pts                              0.25841507   0.48491920  0.54249747
ptPctg                           0.25815307   0.48503859  0.54236586
goalsPerGame                     0.13719425   0.78892278  0.05905004
goalsAgainstPerGame             -0.23363303  -0.02019992 -0.78652894
evGGARatio                       0.23434261   0.49412681  0.50077181
powerPlayPercentage              0.15327290   0.43209038  0.15330364
powerPlayGoals                   0.13234617   0.49409953 -0.06293843
powerPlayGoalsAgainst           -0.09576052   0.16227180 -0.48311082
powerPlayOpportunities           0.02890663   0.26974384 -0.24054546
penaltyKillPercentage            0.13980661   0.02783772  0.46897920
shotsPerGame                     0.37108329  -0.09406854  0.08424435
shotsAllowed                    -0.28796224  -0.00480962  0.09765533
winScoreFirst                    0.22821957   0.39526761  0.43998873
winOppScoreFirst                 0.12086332   0.38320788  0.31435720
winLeadFirstPer                  0.16001685   0.37790444  0.28301617
winLeadSecondPer                 0.11001504   0.34104090  0.32236449
winOutshootOpp                   0.15188441   0.38181388  0.39720820
winOutshotByOpp                  0.21013820   0.39729891  0.42394340
faceOffsTaken                    0.07855773  -0.01341218  0.08622892
faceOffsWon                      0.71763281  -0.07546721  0.10169598
faceOffsLost                    -0.65998739   0.06162474  0.01990475
faceOffWinPercentage             1.00000000  -0.09984663  0.06403039
shootingPctg                    -0.09984663   1.00000000  0.01402797
savePctg                         0.06403039   0.01402797  1.00000000